     62.83707    0.58245E+03
     62.91077    0.64846E+03
     62.98528    0.70462E+03
     63.06059    0.74597E+03
     63.13672    0.76761E+03
     63.21365    0.76521E+03
     63.29139    0.73539E+03
     63.36993    0.67620E+03
     63.44929    0.58743E+03
     63.49793    0.16583E+01
     63.52945    0.47083E+03
     63.56820    0.18386E+01
     63.59387    0.12535E-01
     63.59643    0.14820E-01
     63.59958    0.16476E-01
     63.60333    0.17476E-01
     63.60769    0.17838E-01
     63.61043    0.33012E+03
     63.61264    0.17617E-01
     63.61819    0.16895E-01
     63.62434    0.15774E-01
     63.63109    0.14365E-01
     63.63844    0.12778E-01
     63.63966    0.19910E+01
     63.69221    0.17084E+03
     63.71230    0.21026E+01
     63.78612    0.21611E+01
     63.81663    0.26083E+03
     63.81778    0.59655E+03
     63.81984    0.90431E+03
     63.82282    0.11707E+04
     63.82671    0.13855E+04
     63.83152    0.15421E+04
     63.83725    0.16381E+04
     63.84389    0.16749E+04
     63.85145    0.16573E+04
     63.85992    0.15928E+04
     63.86113    0.21557E+01
     63.86930    0.14907E+04
     63.87960    0.13611E+04
     63.89081    0.12142E+04
     63.90020    0.26042E+03
     63.93733    0.20786E+01
     63.98482    0.42477E+03
     64.01471    0.19258E+01
     64.07024    0.57276E+03
     64.09328    0.16979E+01
     64.15647    0.69801E+03
     64.17303    0.14005E+01
     64.24350    0.79580E+03
     64.25396    0.10441E+01
     64.33134    0.86338E+03
     64.33608    0.64344E+00
     64.41966    0.64780E+00
     64.41999    0.90001E+03
     64.42100    0.14813E+01
     64.42343    0.22447E+01
     64.42692    0.29043E+01
     64.43150    0.34346E+01
     64.43715    0.38196E+01
     64.44388    0.40531E+01
     64.45168    0.41392E+01
     64.46056    0.40900E+01
     64.47051    0.39247E+01
     64.48154    0.36668E+01
     64.49364    0.33417E+01
     64.50681    0.29749E+01
     64.50945    0.90690E+03
     64.54657    0.42768E+00
     64.59971    0.88688E+03
     64.63284    0.83076E+00
     64.69077    0.84408E+03
     64.72029    0.11911E+01
     64.78264    0.78343E+03
     64.80892    0.14940E+01
     64.87531    0.71018E+03
     64.89874    0.17288E+01
     64.98974    0.18901E+01
     65.08192    0.19772E+01
     65.17529    0.19940E+01
     65.26984    0.19481E+01
     65.36556    0.18499E+01
     65.46247    0.17116E+01
     65.56056    0.15455E+01
     65.79363    0.12322E+01
     65.83789    0.12921E+01
     65.86612    0.13628E+01
     65.90958    0.14124E+01
     65.93956    0.14688E+01
     65.98233    0.15027E+01
     66.01395    0.15390E+01
     66.05613    0.15520E+01
     66.08929    0.15629E+01
     66.13100    0.15503E+01
     66.16558    0.15312E+01
     66.20693    0.14893E+01
     66.24283    0.14375E+01
     66.28391    0.13642E+01
     66.32102    0.12787E+01
     66.36196    0.11739E+01
     66.40016    0.10564E+01
     66.44106    0.92276E+00
     66.48025    0.77782E+00
     66.52122    0.62147E+00
     66.56130    0.45820E+00
     66.60245    0.29189E+00
     66.64329    0.13175E+00
     66.76886    0.66510E+00
     66.76949    0.11501E+01
     66.77071    0.15714E+01
     66.77162    0.19527E+01
     66.77362    0.22981E+01
     66.77471    0.26118E+01
     66.77758    0.28884E+01
     66.77875    0.31341E+01
     66.78261    0.33384E+01
     66.78373    0.35137E+01
     66.78869    0.36433E+01
     66.78967    0.37483E+01
     66.79583    0.38045E+01
     66.79656    0.38429E+01
     66.80403    0.38307E+01
     66.80439    0.38095E+01
     66.81318    0.36660E+01
     66.81328    0.37374E+01
     66.82291    0.34342E+01
     66.82359    0.35448E+01
     66.83359    0.31380E+01
     66.83496    0.32761E+01
     66.84523    0.28009E+01
     66.84738    0.29554E+01
     66.85243    0.12048E+01
     66.89505    0.13268E+01
     66.93775    0.14736E+01
     66.98103    0.16225E+01
     67.02402    0.17658E+01
     67.06807    0.18972E+01
     67.11123    0.20166E+01
     67.15617    0.21183E+01
     67.19940    0.22062E+01
     67.24532    0.22724E+01
     67.28851    0.23257E+01
     67.33554    0.23548E+01
     67.37857    0.23734E+01
     67.42680    0.23661E+01
     67.46958    0.23525E+01
     67.51913    0.23121E+01
     67.56154    0.22703E+01
     67.61250    0.22018E+01
     67.65444    0.21372E+01
     67.70694    0.20466E+01
     67.74829    0.19652E+01
     67.80243    0.18592E+01
     67.84308    0.17672E+01
     67.89897    0.16522E+01
    157.54266    0.22397E+00
    157.63748    0.25018E+00
    157.73131    0.27291E+00
    157.82414    0.29031E+00
    157.91597    0.30052E+00
    158.00681    0.30189E+00
    158.09665    0.29313E+00
    158.18550    0.27346E+00
    158.27334    0.24274E+00
    158.36019    0.20156E+00
    158.44604    0.15126E+00
    158.52482    0.43943E+00
    158.53089    0.93826E-01
    158.53837    0.49312E+00
    158.55081    0.54061E+00
    158.56216    0.57816E+00
    158.57239    0.60207E+00
    158.58152    0.60890E+00
    158.58955    0.59590E+00
    158.59647    0.56128E+00
    158.60228    0.50451E+00
    158.60699    0.42646E+00
    158.61059    0.32952E+00
    158.61308    0.21742E+00
    158.61447    0.95071E-01
    158.73865    0.63361E-01
    158.82000    0.12384E+00
    158.90035    0.17865E+00
    158.97971    0.22543E+00
    159.05806    0.26242E+00
    159.13542    0.28859E+00
    159.21177    0.30364E+00
    159.28713    0.30796E+00
    159.36148    0.30256E+00
    159.43484    0.28890E+00
    159.50720    0.26875E+00
    159.57856    0.24399E+00
    190.96567    0.33567E+02
    191.02065    0.37470E+02
    191.07803    0.40826E+02
    191.13781    0.43343E+02
    191.19998    0.44729E+02
    191.26456    0.44721E+02
    191.33154    0.43108E+02
    191.40092    0.39762E+02
    191.47270    0.34652E+02
    191.54689    0.27864E+02
    191.62347    0.19602E+02
    191.70247    0.10179E+02
    191.82611    0.15623E+02
    191.82935    0.35735E+02
    191.83519    0.54179E+02
    191.84362    0.70156E+02
    191.85464    0.83051E+02
    191.86825    0.92476E+02
    191.88446    0.98280E+02
    191.90326    0.10054E+03
    191.91046    0.15654E+02
    191.92465    0.99546E+02
    191.94862    0.95737E+02
    191.97518    0.89667E+02
    191.99786    0.25628E+02
    192.00433    0.81941E+02
    192.03606    0.73164E+02
    192.08767    0.34687E+02
    192.17988    0.42434E+02
    192.27449    0.48569E+02
    192.37150    0.52904E+02
    192.47091    0.55373E+02
    192.57272    0.56028E+02
    192.67692    0.55024E+02
    192.78352    0.52594E+02
    192.89252    0.49029E+02
    193.00391    0.44644E+02
    195.41952    0.86879E-01
    195.45486    0.94525E-01
    195.47499    0.96421E-01
    195.51031    0.10313E+00
    195.53284    0.10428E+00
    195.56825    0.10957E+00
    195.59310    0.10965E+00
    195.62869    0.11306E+00
    195.65576    0.11176E+00
    195.69162    0.11288E+00
    195.72081    0.10990E+00
    195.75706    0.10844E+00
    195.78826    0.10356E+00
    195.82499    0.99380E-01
    195.85812    0.92462E-01
    195.89543    0.85609E-01
    195.93037    0.76677E-01
    195.96837    0.67398E-01
    196.00503    0.56675E-01
    196.03859    0.53410E-01
    196.04382    0.45486E-01
    196.08208    0.33517E-01
    196.09182    0.59922E-01
    196.12178    0.21420E-01
    196.14776    0.65612E-01
    196.20640    0.70009E-01
    196.26775    0.72646E-01
    196.28710    0.49144E-01
    196.28882    0.84923E-01
    196.29149    0.11612E+00
    196.29422    0.14404E+00
    196.29839    0.16984E+00
    196.30202    0.19239E+00
    196.30779    0.21351E+00
    196.31222    0.23044E+00
    196.31971    0.24683E+00
    196.32481    0.25776E+00
    196.33179    0.73104E-01
    196.33413    0.26946E+00
    196.33980    0.27423E+00
    196.35106    0.28147E+00
    196.35718    0.28027E+00
    196.37049    0.28353E+00
    196.37068    0.89387E-01
    196.37695    0.27684E+00
    196.39243    0.27674E+00
    196.39854    0.71056E-01
    196.39910    0.26535E+00
    196.41438    0.98676E-01
    196.41687    0.26260E+00
    196.42365    0.24748E+00
    196.44382    0.24283E+00
    196.45057    0.22503E+00
    196.45853    0.10978E+00
    196.46799    0.66311E-01
    196.47327    0.21919E+00
    196.47987    0.19980E+00
    196.50363    0.12127E+00
    196.54014    0.58843E-01
    196.54879    0.13210E+00
    196.59538    0.14260E+00
    196.61498    0.48812E-01
    196.64144    0.15152E+00
    196.68964    0.16019E+00
    196.69252    0.36568E-01
    196.73650    0.16648E+00
    196.77276    0.22630E-01
    196.78640    0.17299E+00
    196.83395    0.17627E+00
    196.85633    0.22865E-01
    196.85956    0.52347E-01
    196.86538    0.79490E-01
    196.87379    0.10316E+00
    196.88478    0.12249E+00
    196.88566    0.18054E+00
    196.89836    0.13688E+00
    196.91454    0.14609E+00
    196.93330    0.15019E+00
    196.93380    0.18068E+00
    196.95465    0.14952E+00
    196.97861    0.14468E+00
    196.98513    0.15146E-01
    196.98742    0.18281E+00
    197.00515    0.13641E+00
    197.03430    0.12556E+00
    197.03604    0.17989E+00
    197.06605    0.11298E+00
    197.07479    0.29464E-01
    197.09168    0.18010E+00
    197.14069    0.17440E+00
    197.16715    0.42273E-01
    197.19843    0.17299E+00
    197.24772    0.16494E+00
    197.26221    0.53015E-01
    197.30767    0.16228E+00
    197.35715    0.15238E+00
    197.35996    0.61297E-01
    197.41940    0.14884E+00
    197.46040    0.66907E-01
    197.46897    0.13767E+00
    197.53361    0.13361E+00
    197.56355    0.69823E-01
    197.66939    0.70194E-01
    197.77793    0.68312E-01
    197.88918    0.64569E-01
    198.00313    0.59419E-01
    198.11979    0.53328E-01
    300.85223    0.42229E+03
    300.92767    0.47204E+03
    301.00377    0.51500E+03
    301.08052    0.54745E+03
    301.15793    0.56566E+03
    301.23600    0.56623E+03
    301.31474    0.54644E+03
    301.39413    0.50458E+03
    301.47419    0.44020E+03
    301.55490    0.35434E+03
    301.63628    0.24952E+03
    301.71832    0.12969E+03
    301.84281    0.19931E+03
    301.84378    0.45587E+03
    301.84553    0.69111E+03
    301.84805    0.89479E+03
    301.85135    0.10591E+04
    301.85543    0.11790E+04
    301.86028    0.12527E+04
    301.86590    0.12811E+04
    301.87230    0.12680E+04
    301.87947    0.12190E+04
    301.88741    0.11413E+04
    301.89612    0.10424E+04
    301.90560    0.93030E+03
    301.92631    0.19988E+03
    302.01067    0.32749E+03
    302.09568    0.44359E+03
    302.18136    0.54305E+03
    302.26770    0.62197E+03
    302.35470    0.67792E+03
    302.44235    0.70998E+03
    302.53066    0.71878E+03
    302.61963    0.70625E+03
    302.70926    0.67538E+03
    302.79954    0.62987E+03
    302.89047    0.57376E+03
    306.14933    0.90613E+00
    306.22237    0.10105E+01
    306.29635    0.11007E+01
    306.37127    0.11691E+01
    306.44713    0.12085E+01
    306.52392    0.12123E+01
    306.60166    0.11755E+01
    306.68033    0.10952E+01
    306.75995    0.97097E+00
    306.84050    0.80529E+00
    306.92199    0.60361E+00
    307.00442    0.37401E+00
    307.08800    0.37857E+00
    307.08903    0.86573E+00
    307.09090    0.13120E+01
    307.09360    0.16980E+01
    307.09712    0.20086E+01
    307.10148    0.22344E+01
    307.10666    0.23720E+01
    307.11268    0.24235E+01
    307.11952    0.23960E+01
    307.12720    0.23005E+01
    307.13571    0.21508E+01
    307.14504    0.19615E+01
    307.15521    0.17476E+01
    307.21460    0.25192E+00
    307.30031    0.49193E+00
    307.38696    0.70899E+00
    307.47455    0.89386E+00
    307.56307    0.10397E+01
    307.65253    0.11425E+01
    307.74293    0.12012E+01
    307.83426    0.12174E+01
    307.92653    0.11953E+01
    308.01973    0.11407E+01
    308.11387    0.10605E+01
    308.20895    0.96233E+00
    312.46706    0.71237E+00
    312.51126    0.75210E+00
    312.53946    0.79145E+00
    312.58286    0.82524E+00
    312.61281    0.85686E+00
    312.65552    0.88145E+00
    312.68711    0.90197E+00
    312.72924    0.91407E+00
    312.76236    0.92024E+00
    312.80403    0.91684E+00
    312.83857    0.90589E+00
    312.87987    0.88458E+00
    312.91574    0.85453E+00
    312.95679    0.81382E+00
    312.99386    0.76380E+00
    313.03477    0.70348E+00
    313.07295    0.63409E+00
    313.11382    0.55554E+00
    313.15299    0.46919E+00
    313.19395    0.37593E+00
    313.23400    0.27777E+00
    313.27514    0.17743E+00
    313.31597    0.80276E-01
    313.44154    0.40840E+00
    313.44218    0.70618E+00
    313.44341    0.96498E+00
    313.44435    0.11990E+01
    313.44636    0.14114E+01
    313.44747    0.16036E+01
    313.45037    0.17744E+01
    313.45156    0.19243E+01
    313.45545    0.20514E+01
    313.45661    0.21574E+01
    313.46160    0.22395E+01
    313.46262    0.23013E+01
    313.46882    0.23395E+01
    313.46958    0.23593E+01
    313.47710    0.23567E+01
    313.47750    0.23388E+01
    313.48637    0.22506E+01
    313.48644    0.23004E+01
    313.49619    0.21082E+01
    313.49684    0.21830E+01
    313.50697    0.19263E+01
    313.50830    0.20188E+01
    313.51868    0.17193E+01
    313.52081    0.18224E+01
    313.52511    0.74364E+00
    313.56775    0.82111E+00
    313.61045    0.91434E+00
    313.65376    0.10095E+01
    313.69676    0.11014E+01
    313.74084    0.11870E+01
    313.78402    0.12647E+01
    313.82898    0.13328E+01
    313.87224    0.13911E+01
    313.91820    0.14380E+01
    313.96142    0.14746E+01
    314.00848    0.14989E+01
    314.05156    0.15132E+01
    314.09983    0.15152E+01
    314.14265    0.15083E+01
    314.19223    0.14897E+01
    314.23469    0.14639E+01
    314.28570    0.14275E+01
    314.32769    0.13860E+01
    314.38022    0.13354E+01
    314.42163    0.12820E+01
    314.47580    0.12210E+01
    314.51651    0.11596E+01
    314.57243    0.10923E+01
    322.57643    0.14752E+02
    322.61658    0.16566E+02
    322.66040    0.18153E+02
    322.70787    0.19375E+02
    322.75901    0.20095E+02
    322.81381    0.20186E+02
    322.87227    0.19544E+02
    322.93439    0.18100E+02
    323.00018    0.15832E+02
    323.06964    0.12775E+02
    323.14276    0.90145E+01
    323.21954    0.46940E+01
    323.34257    0.72293E+01
    323.34748    0.16529E+02
    323.35630    0.25043E+02
    323.36906    0.32393E+02
    323.38573    0.38295E+02
    323.40633    0.42568E+02
    323.42754    0.72588E+01
    323.43085    0.45148E+02
    323.45930    0.46079E+02
    323.49166    0.45501E+02
    323.51715    0.11903E+02
    323.52794    0.43629E+02
    323.56814    0.40728E+02
    323.61042    0.16132E+02
    323.61226    0.37084E+02
    323.66029    0.32982E+02
    323.70736    0.19756E+02
    323.80796    0.22628E+02
    323.91223    0.24658E+02
    324.02015    0.25811E+02
    324.13174    0.26111E+02
    324.24699    0.25630E+02
    324.36589    0.24479E+02
    324.48845    0.22794E+02
    324.61467    0.20726E+02
    328.91270    0.78548E-01
    328.94185    0.83153E-01
    328.95608    0.87618E-01
    328.98575    0.91584E-01
    329.00290    0.95211E-01
    329.03317    0.98160E-01
    329.05314    0.10056E+00
    329.08411    0.10211E+00
    329.10682    0.10291E+00
    329.13858    0.10270E+00
    329.16393    0.10158E+00
    329.19659    0.99332E-01
    329.22447    0.96042E-01
    329.25812    0.91580E-01
    329.28843    0.86018E-01
    329.32318    0.79305E-01
    329.35582    0.71530E-01
    329.39177    0.62719E-01
    329.42663    0.52998E-01
    329.46389    0.42489E-01
    329.50087    0.31408E-01
    329.53955    0.20069E-01
    329.70410    0.46211E-01
    329.70659    0.79884E-01
    329.71028    0.10912E+00
    329.71429    0.13552E+00
    329.72000    0.15946E+00
    329.72542    0.18105E+00
    329.73324    0.20021E+00
    329.73997    0.21694E+00
    329.75002    0.23109E+00
    329.75794    0.24276E+00
    329.77033    0.25179E+00
    329.77933    0.25839E+00
    329.78768    0.84149E-01
    329.79418    0.26243E+00
    329.80414    0.26423E+00
    329.82156    0.26366E+00
    329.83216    0.92894E-01
    329.83237    0.26116E+00
    329.85247    0.25660E+00
    329.86402    0.25050E+00
    329.87733    0.10341E+00
    329.88692    0.24270E+00
    329.89908    0.23380E+00
    329.92370    0.11413E+00
    329.92491    0.22363E+00
    329.93756    0.21278E+00
    329.96644    0.20107E+00
    329.97040    0.12446E+00
    329.97945    0.18909E+00
    330.01878    0.13405E+00
    330.06689    0.14273E+00
    330.11739    0.15031E+00
    330.16681    0.15675E+00
    330.21953    0.16191E+00
    330.27015    0.16584E+00
    330.32519    0.16842E+00
    330.37692    0.16980E+00
    330.43438    0.16984E+00
    330.48711    0.16882E+00
    330.54710    0.16653E+00
    330.60073    0.16337E+00
    330.66334    0.15909E+00
    330.71777    0.15417E+00
    330.78311    0.14832E+00
    330.83825    0.14208E+00
    330.90639    0.13511E+00
    330.96215    0.12802E+00
    331.03320    0.12038E+00
    378.27875    0.10492E+00
    378.37636    0.11711E+00
    378.47272    0.12766E+00
    378.56785    0.13572E+00
    378.66173    0.14042E+00
    378.75437    0.14100E+00
    378.84576    0.13685E+00
    378.93591    0.12762E+00
    379.02482    0.11325E+00
    379.11247    0.94019E-01
    379.19888    0.70543E-01
    379.25788    0.20609E+00
    379.27446    0.23107E+00
    379.28404    0.43753E-01
    379.28969    0.25312E+00
    379.30357    0.27050E+00
    379.31610    0.28150E+00
    379.32728    0.28453E+00
    379.33711    0.27832E+00
    379.34558    0.26203E+00
    379.35270    0.23544E+00
    379.35846    0.19896E+00
    379.36287    0.15370E+00
    379.36592    0.10139E+00
    379.36762    0.44333E-01
    379.49149    0.29547E-01
    379.57228    0.57757E-01
    379.65183    0.83330E-01
    379.73012    0.10517E+00
    379.80717    0.12246E+00
    379.88298    0.13472E+00
    379.95753    0.14180E+00
    380.03084    0.14388E+00
    380.10290    0.14143E+00
    380.17372    0.13512E+00
    380.24329    0.12577E+00
    380.31162    0.11426E+00
    440.06505    0.52612E-01
    440.11749    0.63078E-01
    440.17253    0.73616E-01
    440.23017    0.83501E-01
    440.29042    0.91849E-01
    440.35328    0.97665E-01
    440.41875    0.99917E-01
    440.48685    0.97620E-01
    440.55757    0.89948E-01
    440.63091    0.76340E-01
    440.70688    0.56589E-01
    440.91257    0.11677E+00
    440.91897    0.17698E+00
    440.92822    0.22906E+00
    440.94031    0.27098E+00
    440.95523    0.30149E+00
    440.97300    0.32010E+00
    440.99359    0.32710E+00
    441.01702    0.32345E+00
    441.04326    0.31064E+00
    441.07233    0.29048E+00
    441.08127    0.91938E-01
    441.10421    0.26499E+00
    441.13889    0.23616E+00
    441.17169    0.13012E+00
    441.26474    0.16625E+00
    441.36042    0.19852E+00
    441.45871    0.22534E+00
    441.55962    0.24554E+00
    441.66315    0.25838E+00
    441.76928    0.26365E+00
    441.87802    0.26160E+00
    441.98936    0.25293E+00
    442.10329    0.23866E+00
    452.83568    0.10897E-01
    452.85062    0.11561E-01
    452.86793    0.11802E-01
    452.88764    0.11658E-01
    452.90973    0.11182E-01
    452.93421    0.10443E-01
    539.58880    0.28543E+01
    539.66645    0.32831E+01
    539.74457    0.36838E+01
    539.82317    0.40253E+01
    539.90224    0.42731E+01
    539.98178    0.43925E+01
    540.06180    0.43511E+01
    540.14228    0.41221E+01
    540.22324    0.36879E+01
    540.30467    0.30430E+01
    540.38658    0.21957E+01
    540.46895    0.11689E+01
    540.59354    0.18608E+01
    540.59428    0.42558E+01
    540.59561    0.64513E+01
    540.59754    0.83515E+01
    540.60005    0.98832E+01
    540.60316    0.11000E+02
    540.60686    0.11684E+02
    540.61115    0.11946E+02
    540.61603    0.11820E+02
    540.62151    0.11359E+02
    540.62757    0.10630E+02
    540.63423    0.97051E+01
    540.64148    0.86570E+01
    540.67694    0.19096E+01
    540.76096    0.32004E+01
    540.84546    0.44327E+01
    540.93042    0.55471E+01
    541.01585    0.64923E+01
    541.10176    0.72288E+01
    541.18813    0.77314E+01
    541.27497    0.79910E+01
    541.36228    0.80136E+01
    541.45007    0.78193E+01
    541.53832    0.74387E+01
    541.62704    0.69100E+01
    541.93294    0.10539E-01
    542.04487    0.11254E-01
    542.15395    0.11695E-01
    542.26020    0.11793E-01
    542.36360    0.11494E-01
    542.46415    0.10763E-01
    543.34818    0.10711E-01
    543.41601    0.11816E-01
    543.48099    0.12472E-01
    543.54312    0.12688E-01
    543.60241    0.12504E-01
    543.65885    0.11976E-01
    543.71245    0.11173E-01
    543.76321    0.10173E-01
    548.28234    0.41715E-01
    548.35723    0.46781E-01
    548.43289    0.51233E-01
    548.50934    0.54713E-01
    548.58655    0.56858E-01
    548.66455    0.57338E-01
    548.74332    0.55888E-01
    548.82286    0.52335E-01
    548.90317    0.46631E-01
    548.98426    0.38867E-01
    549.06613    0.29275E-01
    549.14876    0.18227E-01
    549.23234    0.18537E-01
    549.23317    0.42391E-01
    549.23466    0.64246E-01
    549.23682    0.83145E-01
    549.23965    0.98355E-01
    549.24314    0.10942E+00
    549.24729    0.11616E+00
    549.25211    0.11868E+00
    549.25759    0.11734E+00
    549.26374    0.11267E+00
    549.27056    0.10534E+00
    549.27805    0.96071E-01
    549.28620    0.85598E-01
    549.35873    0.12422E-01
    549.44407    0.24367E-01
    549.53019    0.35278E-01
    549.61707    0.44674E-01
    549.70473    0.52191E-01
    549.79315    0.57598E-01
    549.88235    0.60814E-01
    549.97233    0.61896E-01
    550.06307    0.61022E-01
    550.15459    0.58470E-01
    550.24688    0.54579E-01
    550.33994    0.49720E-01
    561.00629    0.10699E-01
    561.05203    0.11399E-01
    561.08172    0.12101E-01
    561.12654    0.12732E-01
    561.15785    0.13334E-01
    561.20186    0.13839E-01
    561.23468    0.14282E-01
    561.27799    0.14600E-01
    561.31221    0.14822E-01
    561.35492    0.14894E-01
    561.39044    0.14839E-01
    561.43266    0.14612E-01
    561.46937    0.14232E-01
    561.51121    0.13666E-01
    561.54900    0.12931E-01
    561.59057    0.12007E-01
    561.62934    0.10909E-01
    562.00054    0.13027E-01
    562.00151    0.17800E-01
    562.00211    0.22114E-01
    562.00373    0.26032E-01
    562.00439    0.29573E-01
    562.00676    0.32720E-01
    562.00736    0.35480E-01
    562.01060    0.37820E-01
    562.01103    0.39765E-01
    562.01524    0.41277E-01
    562.01540    0.42406E-01
    562.02047    0.43459E-01
    562.02069    0.43107E-01
    562.02624    0.43063E-01
    562.02695    0.43408E-01
    562.03271    0.41420E-01
    562.03401    0.42354E-01
    562.03987    0.38780E-01
    562.04188    0.40175E-01
    562.04774    0.35414E-01
    562.05055    0.37134E-01
    562.05630    0.31589E-01
    562.06003    0.33503E-01
    562.08367    0.13925E-01
    562.12610    0.15489E-01
    562.16855    0.17375E-01
    562.21152    0.19324E-01
    562.25413    0.21236E-01
    562.29775    0.23051E-01
    562.34041    0.24736E-01
    562.38478    0.26253E-01
    562.42738    0.27595E-01
    562.47262    0.28728E-01
    562.51506    0.29662E-01
    562.56127    0.30362E-01
    562.60343    0.30860E-01
    562.65072    0.31116E-01
    562.69250    0.31180E-01
    562.74098    0.31009E-01
    562.78227    0.30670E-01
    562.83204    0.30114E-01
    562.87273    0.29425E-01
    562.92390    0.28544E-01
    562.96389    0.27573E-01
    563.01657    0.26442E-01
    563.05574    0.25264E-01
    563.11004    0.23961E-01
    576.89092    0.79818E-01
    576.90161    0.12103E+00
    576.91705    0.15674E+00
    576.93723    0.18558E+00
    576.96217    0.20669E+00
    576.99184    0.21971E+00
    577.02625    0.22484E+00
    577.06128    0.76035E-01
    577.06539    0.22269E+00
    577.10925    0.21425E+00
    577.15668    0.11695E+00
    577.15784    0.20076E+00
    577.21114    0.18355E+00
    577.25652    0.16133E+00
    577.26914    0.16397E+00
    577.36079    0.20677E+00
    577.46949    0.25066E+00
    577.58261    0.29039E+00
    577.70016    0.32359E+00
    577.82212    0.34841E+00
    577.94849    0.36364E+00
    578.07927    0.36876E+00
    578.21444    0.36402E+00
    599.46612    0.37611E-01
    599.49100    0.42276E-01
    599.52086    0.46428E-01
    599.55568    0.49724E-01
    599.59547    0.51804E-01
    599.64022    0.52323E-01
    600.17113    0.89530E-01
    600.19366    0.10597E+00
    600.22149    0.11798E+00
    600.25462    0.12535E+00
    600.29305    0.12821E+00
    600.33679    0.12690E+00
    600.38584    0.12201E+00
    600.44020    0.11424E+00
    600.49987    0.10435E+00
    600.56486    0.93137E-01
    600.72990    0.72168E-01
    600.84657    0.76254E-01
    600.96820    0.77838E-01
    601.09479    0.77063E-01
    601.22635    0.74199E-01
    601.36287    0.69615E-01
    601.50437    0.63737E-01
    663.33065    0.10031E-01
    663.37737    0.10450E-01
    663.42389    0.10815E-01
    663.47019    0.11116E-01
    663.51629    0.11342E-01
    663.56217    0.11484E-01
    663.60784    0.11533E-01
    663.65331    0.11480E-01
    663.68501    0.19742E-01
    663.69856    0.11318E-01
    663.73322    0.20998E-01
    663.74360    0.11039E-01
    663.77929    0.22148E-01
    663.78843    0.10637E-01
    663.82702    0.23276E-01
    663.83305    0.10108E-01
    663.87274    0.24260E-01
    663.91998    0.25175E-01
    663.96535    0.25906E-01
    664.01211    0.26519E-01
    664.05714    0.26912E-01
    664.10340    0.27141E-01
    664.14809    0.27120E-01
    664.19386    0.26894E-01
    664.23821    0.26399E-01
    664.28349    0.25670E-01
    664.32749    0.24663E-01
    664.37227    0.23409E-01
    664.41595    0.21883E-01
    664.46023    0.20112E-01
    664.50357    0.18088E-01
    664.54734    0.15832E-01
    664.59036    0.13348E-01
    664.63362    0.10643E-01
    664.70772    0.91524E-01
    664.76135    0.10584E-01
    664.77430    0.71605E+01
    664.80039    0.69885E-01
    664.80112    0.11185E-01
    664.82061    0.76970E+01
    664.84067    0.11656E-01
    664.86817    0.80517E+01
    664.88002    0.12001E-01
    664.89229    0.50555E-01
    664.91432    0.85182E+01
    664.91915    0.12224E-01
    664.95807    0.12332E-01
    664.96126    0.88284E+01
    664.97058    0.10822E-01
    664.98342    0.34379E-01
    664.99679    0.12331E-01
    665.00718    0.91957E+01
    665.01154    0.13630E-01
    665.03528    0.12230E-01
    665.05278    0.16233E-01
    665.05355    0.94259E+01
    665.07357    0.12036E-01
    665.07381    0.21738E-01
    665.09322    0.18626E-01
    665.09919    0.96646E+01
    665.11165    0.11760E-01
    665.13415    0.20793E-01
    665.14504    0.97791E+01
    665.14951    0.11411E-01
    665.16347    0.12583E-01
    665.17406    0.22726E-01
    665.18717    0.10999E-01
    665.19035    0.98619E+01
    665.21468    0.24403E-01
    665.22461    0.10535E-01
    665.23570    0.98284E+01
    665.25406    0.25829E-01
    665.26184    0.10028E-01
    665.28065    0.97324E+01
    665.29437    0.26981E-01
    665.32554    0.95246E+01
    665.33323    0.27882E-01
    665.37011    0.92333E+01
    665.37323    0.28502E-01
    665.41156    0.28887E-01
    665.41454    0.88330E+01
    665.45126    0.29002E-01
    665.45871    0.83374E+01
    665.48905    0.28910E-01
    665.50270    0.77357E+01
    665.52844    0.28571E-01
    665.54646    0.70334E+01
    665.56570    0.28067E-01
    665.59002    0.62265E+01
    665.60479    0.27346E-01
    665.63337    0.53142E+01
    665.64151    0.26508E-01
    665.67650    0.42877E+01
    665.68031    0.25491E-01
    665.71648    0.24408E-01
    665.71941    0.31253E+01
    665.75499    0.23185E-01
    665.76212    0.17646E+01
    665.79061    0.21944E-01
    665.81964    0.91823E-01
    665.82589    0.10430E+00
    665.83010    0.12141E+00
    665.83564    0.13787E+00
    665.83970    0.15912E+00
    665.84461    0.18055E+00
    665.84844    0.20701E+00
    665.85278    0.23468E+00
    665.85633    0.26783E+00
    665.86013    0.30353E+00
    665.86337    0.34551E+00
    665.86667    0.39188E+00
    665.86955    0.44605E+00
    665.87238    0.50741E+00
    665.87488    0.57947E+00
    665.87726    0.66346E+00
    665.87936    0.76412E+00
    665.88129    0.88607E+00
    665.88299    0.10383E+01
    665.88448    0.12341E+01
    665.88576    0.14978E+01
    665.88682    0.18757E+01
    665.88768    0.24710E+01
    665.88832    0.35729E+01
    666.01387    0.17868E+01
    666.05509    0.31777E+01
    666.09608    0.43779E+01
    666.13687    0.54484E+01
    666.17744    0.64109E+01
    666.21781    0.72706E+01
    666.25795    0.80321E+01
    666.29791    0.86889E+01
    666.33760    0.92500E+01
    666.37716    0.96994E+01
    666.38334    0.13413E-01
    666.39289    0.46339E+04
    666.41640    0.10061E+02
    666.44049    0.49214E+04
    666.45557    0.10303E+02
    666.46194    0.23718E-01
    666.48666    0.51883E+04
    666.49434    0.10475E+02
    666.53316    0.10517E+02
    666.53379    0.54455E+04
    666.53979    0.38333E-01
    666.57143    0.10520E+02
    666.57957    0.56729E+04
    666.60992    0.10378E+02
    666.61690    0.57542E-01
    666.62623    0.58799E+04
    666.64767    0.10239E+02
    666.67163    0.60479E+04
    666.68587    0.99366E+01
    666.69324    0.81129E-01
    666.71780    0.61847E+04
    666.72304    0.96901E+01
    666.76102    0.92540E+01
    666.76282    0.62736E+04
    666.76880    0.10831E+00
    666.79757    0.89376E+01
    666.80851    0.63212E+04
    666.83538    0.83973E+01
    666.85315    0.63136E+04
    666.87124    0.80474E+01
    666.89836    0.62562E+04
    666.94263    0.61385E+04
    666.98736    0.59652E+04
    667.03124    0.57292E+04
    667.04614    0.90460E+01
    667.07548    0.54351E+04
    667.11271    0.11564E+00
    667.11899    0.50792E+04
    667.14035    0.10185E+02
    667.16275    0.46661E+04
    667.20587    0.41953E+04
    667.20813    0.88416E-01
    667.23366    0.11186E+02
    667.24916    0.36711E+04
    667.29190    0.30944E+04
    667.30263    0.64071E-01
    667.32609    0.11969E+02
    667.33470    0.24667E+04
    667.37707    0.17825E+04
    667.39622    0.43667E-01
    667.41765    0.12454E+02
    667.41938    0.10149E+04
    667.42431    0.14591E+02
    667.43620    0.19273E+02
    667.44663    0.16816E+02
    667.44712    0.25236E+02
    667.45549    0.22106E+02
    667.45708    0.32801E+02
    667.46360    0.28826E+02
    667.46606    0.42405E+02
    667.47096    0.37349E+02
    667.47407    0.54664E+02
    667.47756    0.48188E+02
    667.48111    0.70529E+02
    667.48340    0.62102E+02
    667.48717    0.91576E+02
    667.48849    0.80300E+02
    667.48887    0.27694E-01
    667.49227    0.12070E+03
    667.49283    0.10489E+03
    667.49640    0.16396E+03
    667.49641    0.13999E+03
    667.49924    0.19488E+03
    667.49955    0.23645E+03
    667.50131    0.29609E+03
    667.50174    0.39000E+03
    667.50263    0.56390E+03
    667.50295    0.10232E+04
    667.50835    0.12568E+02
    667.58058    0.16100E-01
    667.58621    0.10233E+04
    667.59819    0.12254E+02
    667.62730    0.18048E+04
    667.66835    0.25078E+04
    667.68719    0.11476E+02
    667.70897    0.31592E+04
    667.74964    0.37632E+04
    667.77534    0.10223E+02
    667.78976    0.43189E+04
    667.83006    0.48228E+04
    667.86266    0.85183E+01
    667.86970    0.52725E+04
    667.90962    0.56640E+04
    667.94877    0.59970E+04
    667.94914    0.64134E+01
    667.98831    0.62677E+04
    668.02697    0.64792E+04
    668.03479    0.39910E+01
    668.06614    0.66277E+04
    668.10431    0.67199E+04
    668.11961    0.13576E+01
    668.14311    0.67517E+04
    668.18079    0.67333E+04
    668.21921    0.66602E+04
    668.24528    0.27158E+01
    668.25640    0.65457E+04
    668.29445    0.63840E+04
    668.32802    0.53237E+01
    668.33115    0.61915E+04
    668.36883    0.59608E+04
    668.40503    0.57103E+04
    668.40992    0.77013E+01
    668.44234    0.54312E+04
    668.47805    0.51431E+04
    668.49099    0.97437E+01
    668.57122    0.11371E+02
    668.65060    0.12533E+02
    668.72914    0.13212E+02
    668.80137    0.17240E-01
    668.80682    0.13420E+02
    668.87804    0.30323E-01
    668.88363    0.13197E+02
    668.95376    0.48827E-01
    668.95957    0.12604E+02
    669.02854    0.73096E-01
    669.03461    0.11716E+02
    669.10240    0.10285E+00
    669.10876    0.10616E+02
    669.17534    0.13708E+00
    670.09820    0.22250E+07
    670.19142    0.24893E+07
    670.28378    0.27202E+07
    670.37530    0.28989E+07
    670.46596    0.30067E+07
    670.55577    0.30267E+07
    670.64472    0.29453E+07
    670.73283    0.27539E+07
    670.82008    0.24504E+07
    670.90647    0.20399E+07
    670.99202    0.15348E+07
    671.07671    0.95470E+06
    671.16055    0.32469E+06
    671.28470    0.64950E+06
    671.36641    0.12735E+07
    671.44726    0.18431E+07
    671.52725    0.23336E+07
    671.60639    0.27260E+07
    671.68468    0.30087E+07
    671.76211    0.31773E+07
    671.83869    0.32349E+07
    671.91441    0.31907E+07
    671.98928    0.30591E+07
    672.06329    0.28576E+07
    672.13644    0.26054E+07
    692.96568    0.47146E+00
    693.02260    0.54584E+00
    693.08174    0.61622E+00
    693.14310    0.67720E+00
    693.20669    0.72277E+00
    693.27251    0.74675E+00
    693.34056    0.74325E+00
    693.41086    0.70735E+00
    693.48339    0.63561E+00
    693.55816    0.52665E+00
    693.63519    0.38152E+00
    693.71445    0.20390E+00
    693.83818    0.32643E+00
    693.84126    0.74663E+00
    693.84679    0.11319E+01
    693.85479    0.14655E+01
    693.86524    0.17345E+01
    693.87815    0.19309E+01
    693.89352    0.20515E+01
    693.91133    0.20980E+01
    693.92245    0.33623E+00
    693.93158    0.20764E+01
    693.95428    0.19961E+01
    693.97942    0.18687E+01
    694.00698    0.17068E+01
    694.00957    0.56556E+00
    694.03697    0.15231E+01
    694.09895    0.78615E+00
    694.19056    0.98735E+00
    694.28442    0.11598E+01
    694.38052    0.12960E+01
    694.47885    0.13912E+01
    694.57942    0.14433E+01
    694.68221    0.14529E+01
    694.78723    0.14232E+01
    694.89447    0.13593E+01
    695.00392    0.12678E+01
    712.86979    0.44357E-01
    712.88754    0.32341E-01
    713.50078    0.92525E-01
    713.51417    0.14013E+00
    713.53352    0.18116E+00
    713.55881    0.21402E+00
    713.59006    0.23770E+00
    713.62726    0.25184E+00
    713.67040    0.25673E+00
    713.67218    0.10716E+00
    713.71949    0.25317E+00
    713.77071    0.17732E+00
    713.77452    0.24238E+00
    713.83550    0.22588E+00
    713.87480    0.26015E+00
    713.90241    0.20529E+00
    713.97526    0.18221E+00
    713.98447    0.35141E+00
    714.09971    0.44564E+00
    714.22052    0.53676E+00
    714.34690    0.61870E+00
    714.47884    0.68605E+00
    714.61635    0.73462E+00
    714.75941    0.76184E+00
    714.90803    0.76686E+00
    781.80628    0.26167E+00
    781.88527    0.28384E+00
    781.96462    0.30040E+00
    782.04434    0.30965E+00
    782.12441    0.31012E+00
    782.20484    0.30079E+00
    782.28563    0.28114E+00
    782.36678    0.25133E+00
    782.44829    0.21218E+00
    782.53015    0.16521E+00
    782.61237    0.11248E+00
    782.82021    0.18854E+00
    782.82132    0.28586E+00
    782.82291    0.37015E+00
    782.82501    0.43819E+00
    782.82759    0.48792E+00
    782.83066    0.51854E+00
    782.83423    0.53047E+00
    782.83829    0.52522E+00
    782.84285    0.50513E+00
    782.84790    0.47310E+00
    782.85344    0.43233E+00
    782.85948    0.38602E+00
    782.98676    0.12614E+00
    783.07093    0.16476E+00
    783.15546    0.19441E+00
    783.24035    0.21450E+00
    783.32559    0.22510E+00
    783.41119    0.22686E+00
    783.49714    0.22089E+00
    783.58345    0.20861E+00
    783.67012    0.19164E+00
    783.75714    0.17158E+00
    783.84452    0.14995E+00
    791.83027    0.15498E+00
    791.86182    0.16402E+00
    791.90402    0.17291E+00
    791.93690    0.18096E+00
    791.97862    0.18852E+00
    792.01273    0.19495E+00
    792.05406    0.20051E+00
    792.08932    0.20469E+00
    792.13033    0.20764E+00
    792.16667    0.20895E+00
    792.20746    0.20873E+00
    792.24478    0.20668E+00
    792.28542    0.20284E+00
    792.32364    0.19705E+00
    792.36423    0.18933E+00
    792.40326    0.17963E+00
    792.44388    0.16796E+00
    792.48364    0.15438E+00
    792.52437    0.13891E+00
    792.56478    0.12166E+00
    792.60571    0.10265E+00
    792.64667    0.81925E-01
    792.68789    0.59278E-01
    792.72932    0.33800E-01
    792.81290    0.34195E-01
    792.81345    0.18853E-01
    792.81371    0.13042E-01
    792.89703    0.34330E-01
    792.93928    0.60674E-01
    792.98216    0.84514E-01
    793.02458    0.10671E+00
    793.06813    0.12747E+00
    793.11065    0.14665E+00
    793.15495    0.16430E+00
    793.19747    0.18008E+00
    793.24261    0.19417E+00
    793.28505    0.20612E+00
    793.33110    0.21634E+00
    793.37338    0.22424E+00
    793.42044    0.23046E+00
    793.46247    0.23430E+00
    793.51062    0.23664E+00
    793.55232    0.23663E+00
    793.60164    0.23542E+00
    793.64291    0.23199E+00
    793.69349    0.22771E+00
    793.73426    0.22141E+00
    793.78619    0.21466E+00
    793.82636    0.20614E+00
    793.87972    0.19757E+00
    793.91922    0.18753E+00
    795.44376    0.71276E+03
    795.51034    0.96562E+01
    795.51358    0.80156E+03
    795.58137    0.73855E+01
    795.58450    0.87927E+03
    795.65348    0.53541E+01
    795.65652    0.93967E+03
    795.72665    0.36510E+01
    795.72966    0.97656E+03
    795.80088    0.23172E+01
    795.80392    0.98437E+03
    795.87615    0.13484E+01
    795.87932    0.95869E+03
    795.95246    0.70373E+00
    795.95586    0.89680E+03
    796.02980    0.31843E+00
    796.03356    0.79808E+03
    796.10817    0.11807E+00
    796.11240    0.66431E+03
    796.19241    0.49968E+03
    796.27357    0.31066E+03
    796.35590    0.10559E+03
    796.48157    0.21097E+03
    796.56680    0.41326E+03
    796.65319    0.59742E+03
    796.74073    0.75539E+03
    796.81534    0.11126E+00
    796.82943    0.88104E+03
    796.90337    0.31172E+00
    796.91928    0.97057E+03
    796.99242    0.71034E+00
    797.01027    0.10226E+04
    797.08250    0.13973E+01
    797.10239    0.10383E+04
    797.17361    0.24582E+01
    797.19563    0.10206E+04
    797.26576    0.39578E+01
    797.28999    0.97433E+03
    797.35897    0.59228E+01
    797.38545    0.90534E+03
    797.45324    0.83290E+01
    797.48200    0.81999E+03
    797.54858    0.11094E+02
    836.34587    0.17143E+00
    836.37259    0.18202E+00
    836.40406    0.18841E+00
    836.44030    0.18980E+00
    836.48132    0.18561E+00
    836.52713    0.17563E+00
    836.57775    0.15999E+00
    836.63317    0.13925E+00
    836.69342    0.11433E+00
    837.04373    0.13387E+00
    837.06058    0.17342E+00
    837.08260    0.20542E+00
    837.10980    0.22890E+00
    837.14215    0.24348E+00
    837.17966    0.24933E+00
    837.22231    0.24714E+00
    837.27008    0.23799E+00
    837.32298    0.22321E+00
    837.38097    0.20429E+00
    837.44405    0.18271E+00
    837.73348    0.79578E-01
    837.85405    0.73649E-01
    837.97942    0.65913E-01
    838.10956    0.57184E-01
    838.24446    0.48173E-01
    838.38412    0.39448E-01
    855.14743    0.11650E+00
    855.16705    0.15068E+00
    855.19271    0.17810E+00
    855.22441    0.19794E+00
    855.26215    0.20990E+00
    855.30594    0.21418E+00
    855.35579    0.21143E+00
    855.41169    0.20267E+00
    855.47366    0.18912E+00
    855.50837    0.11497E+00
    855.54171    0.17213E+00
    855.61582    0.15302E+00
    855.61837    0.13871E+00
    855.73402    0.15900E+00
    855.85532    0.17487E+00
    855.98228    0.18565E+00
    856.11489    0.19104E+00
    856.25317    0.19110E+00
    856.39712    0.18621E+00
    856.54674    0.17703E+00
    890.56698    0.21032E+02
    890.57707    0.15404E+02
    890.59337    0.11400E+02
    890.61589    0.83903E+01
    890.64464    0.60590E+01
    890.67960    0.42354E+01
    890.72079    0.28216E+01
    890.76820    0.17551E+01
    890.82184    0.98842E+00
    890.88169    0.47827E+00
    890.94778    0.17877E+00
    891.17942    0.45347E+05
    891.27515    0.50745E+05
    891.36983    0.55460E+05
    891.42248    0.27633E+00
    891.46344    0.59111E+05
    891.52901    0.67666E+00
    891.55600    0.61316E+05
    891.64177    0.13437E+01
    891.64748    0.61731E+05
    891.73790    0.60076E+05
    891.76075    0.23459E+01
    891.82725    0.56178E+05
    891.88595    0.37592E+01
    891.91553    0.49992E+05
    892.00275    0.41621E+05
    892.01737    0.56792E+01
    892.08889    0.31319E+05
    892.15501    0.82447E+01
    892.17396    0.19483E+05
    892.25796    0.66267E+04
    892.29887    0.11683E+02
    892.38195    0.13258E+05
    892.44894    0.16403E+02
    892.46328    0.25998E+05
    892.54353    0.37631E+05
    892.60522    0.23203E+02
    892.62271    0.47650E+05
    892.70082    0.55670E+05
    892.77786    0.61449E+05
    892.85383    0.64901E+05
    892.92873    0.66083E+05
    893.00256    0.65187E+05
    893.07532    0.62503E+05
    893.14702    0.58389E+05
    893.21766    0.53235E+05
    902.51967    0.89037E+02
    902.56815    0.94565E+02
    902.61572    0.99688E+02
    902.66367    0.10463E+03
    902.71073    0.10900E+03
    902.75814    0.11298E+03
    902.80467    0.11620E+03
    902.85155    0.11883E+03
    902.89756    0.12054E+03
    902.94389    0.12146E+03
    902.98939    0.12131E+03
    903.03518    0.12021E+03
    903.08016    0.11795E+03
    903.12540    0.11462E+03
    903.16989    0.11009E+03
    903.21457    0.10444E+03
    903.25855    0.97601E+02
    903.30267    0.89667E+02
    903.34616    0.80621E+02
    903.38972    0.70549E+02
    903.43272    0.59467E+02
    903.47570    0.47407E+02
    903.51822    0.34259E+02
    903.54953    0.28024E+00
    903.56063    0.19506E+02
    903.56385    0.37021E+00
    903.57341    0.32365E+00
    903.57701    0.48479E+00
    903.58456    0.42538E+00
    903.58899    0.63019E+00
    903.59475    0.55460E+00
    903.59980    0.81477E+00
    903.60400    0.71844E+00
    903.60945    0.10504E+01
    903.61229    0.92680E+00
    903.61792    0.13554E+01
    903.61963    0.11942E+01
    903.62522    0.17599E+01
    903.62603    0.15440E+01
    903.63135    0.23198E+01
    903.63148    0.20167E+01
    903.63598    0.26912E+01
    903.63632    0.31513E+01
    903.63953    0.37462E+01
    903.64012    0.45448E+01
    903.64213    0.56915E+01
    903.64275    0.74963E+01
    903.64379    0.10839E+02
    903.64421    0.19667E+02
    903.72736    0.19671E+02
    903.76831    0.34696E+02
    903.80917    0.48213E+02
    903.84953    0.60738E+02
    903.88993    0.72356E+02
    903.92968    0.83045E+02
    903.96962    0.92741E+02
    904.00878    0.10139E+03
    904.04827    0.10893E+03
    904.08681    0.11534E+03
    904.12585    0.12056E+03
    904.16378    0.12463E+03
    904.20238    0.12750E+03
    904.23969    0.12928E+03
    904.27784    0.12991E+03
    904.31454    0.12956E+03
    904.35225    0.12817E+03
    904.38832    0.12597E+03
    904.42560    0.12288E+03
    904.46103    0.11917E+03
    904.49789    0.11475E+03
    904.53268    0.10993E+03
    904.56912    0.10458E+03
    904.60327    0.99027E+02
    908.28599    0.18920E+00
    908.38340    0.21219E+00
    908.47969    0.23238E+00
    908.57485    0.24815E+00
    908.66890    0.25785E+00
    908.76182    0.26000E+00
    908.85361    0.25337E+00
    908.94428    0.23721E+00
    909.03382    0.21130E+00
    909.12224    0.17605E+00
    909.20953    0.13256E+00
    909.29570    0.82493E-01
    909.38074    0.28064E-01
    909.50619    0.56145E-01
    909.54265    0.12822E+00
    909.58841    0.11007E+00
    909.58965    0.13605E+00
    909.63640    0.14352E+00
    909.66950    0.15924E+00
    909.68298    0.15050E+00
    909.72932    0.15683E+00
    909.74947    0.20151E+00
    909.77547    0.16239E+00
    909.82141    0.16703E+00
    909.82831    0.23522E+00
    909.86714    0.17061E+00
    909.90602    0.25937E+00
    909.91267    0.17298E+00
    909.95799    0.17403E+00
    909.98261    0.27360E+00
    910.00310    0.17363E+00
    910.04802    0.17169E+00
    910.05806    0.27819E+00
    910.09272    0.16812E+00
    910.13239    0.27398E+00
    910.13722    0.16285E+00
    910.18152    0.15582E+00
    910.20559    0.26223E+00
    910.22562    0.14702E+00
    910.26951    0.13641E+00
    910.27767    0.24450E+00
    910.31319    0.12400E+00
    910.34862    0.22246E+00
    910.35668    0.10978E+00
    910.39996    0.93684E-01
    910.44304    0.75587E-01
    910.48591    0.55093E-01
    910.52859    0.31107E-01
    910.64200    0.10223E-01
    910.64424    0.11708E-01
    910.64627    0.13478E-01
    910.64809    0.15629E-01
    910.64972    0.18310E-01
    910.65114    0.21763E-01
    910.65235    0.26410E-01
    910.65337    0.33071E-01
    910.65418    0.43564E-01
    910.65478    0.62990E-01
    910.78037    0.31506E-01
    910.82163    0.56036E-01
    910.86268    0.77208E-01
    910.90353    0.96100E-01
    910.94417    0.11309E+00
    910.98462    0.12829E+00
    911.02485    0.14172E+00
    911.06489    0.15339E+00
    911.10472    0.16327E+00
    911.14434    0.17135E+00
    911.18376    0.17765E+00
    911.22298    0.18220E+00
    911.26199    0.18505E+00
    911.30079    0.18626E+00
    911.33939    0.18592E+00
    911.37777    0.18415E+00
    911.41596    0.18106E+00
    911.45393    0.17678E+00
    911.49170    0.17145E+00
    911.52925    0.16522E+00
    911.56661    0.15824E+00
    911.60373    0.15064E+00
    911.64067    0.14257E+00
    920.76251    0.28284E+01
    920.78141    0.30140E+01
    920.82053    0.31803E+01
    920.84218    0.33481E+01
    920.88073    0.34910E+01
    920.90497    0.36281E+01
    920.94311    0.37350E+01
    920.96979    0.38285E+01
    921.00767    0.38868E+01
    921.03664    0.39243E+01
    921.07441    0.39228E+01
    921.10553    0.38939E+01
    921.14334    0.38236E+01
    921.17644    0.37210E+01
    921.21445    0.35764E+01
    921.24938    0.33967E+01
    921.28774    0.31763E+01
    921.32436    0.29206E+01
    921.36322    0.26273E+01
    921.40136    0.23006E+01
    921.44087    0.19399E+01
    921.48040    0.15471E+01
    921.52071    0.11183E+01
    921.56146    0.63687E+00
    921.64504    0.64213E+00
    921.64628    0.35383E+00
    921.64744    0.24464E+00
    921.65028    0.18567E+00
    921.65176    0.14820E+00
    921.65658    0.12209E+00
    921.65801    0.10263E+00
    921.66517    0.87589E-01
    921.66617    0.75439E-01
    921.67604    0.65523E-01
    921.67626    0.57121E-01
    921.68827    0.43890E-01
    921.68921    0.50063E-01
    921.70220    0.33925E-01
    921.70466    0.38628E-01
    921.71805    0.26236E-01
    921.72240    0.29894E-01
    921.72985    0.64216E+00
    921.73582    0.20224E-01
    921.74243    0.23101E-01
    921.75551    0.15500E-01
    921.76475    0.17770E-01
    921.77301    0.11323E+01
    921.77712    0.11788E-01
    921.78936    0.13577E-01
    921.81626    0.10287E-01
    921.81732    0.15729E+01
    921.86117    0.19807E+01
    921.90698    0.23581E+01
    921.95137    0.27050E+01
    921.99881    0.30183E+01
    922.04360    0.32977E+01
    922.09283    0.35391E+01
    922.13785    0.37444E+01
    922.18903    0.39087E+01
    922.23413    0.40372E+01
    922.28740    0.41236E+01
    922.33244    0.41771E+01
    922.38796    0.41895E+01
    922.43278    0.41741E+01
    922.49069    0.41203E+01
    922.53515    0.40453E+01
    922.59560    0.39361E+01
    922.63954    0.38134E+01
    922.70270    0.36615E+01
    922.74595    0.35039E+01
    922.81196    0.33227E+01
    922.83597    0.16477E-01
    922.85440    0.31431E+01
    922.86867    0.17531E-01
    922.90161    0.18543E-01
    922.93509    0.19493E-01
    922.96884    0.20363E-01
    923.00309    0.21133E-01
    923.03765    0.21784E-01
    923.07267    0.22296E-01
    923.10803    0.22651E-01
    923.14384    0.22830E-01
    923.18000    0.22818E-01
    923.21658    0.22599E-01
    923.25354    0.22162E-01
    923.29090    0.21497E-01
    923.32865    0.20596E-01
    923.36679    0.19454E-01
    923.40533    0.18070E-01
    923.44426    0.16442E-01
    923.48358    0.14567E-01
    923.52330    0.12440E-01
    923.56340    0.10043E-01
    923.98602    0.10253E-01
    924.03043    0.12752E-01
    924.07524    0.14994E-01
    924.12044    0.16994E-01
    924.16603    0.18755E-01
    924.21201    0.20275E-01
    924.25839    0.21553E-01
    924.30516    0.22590E-01
    924.35233    0.23385E-01
    924.39987    0.23945E-01
    924.44783    0.24277E-01
    924.49616    0.24391E-01
    924.54491    0.24299E-01
    924.59402    0.24018E-01
    924.64357    0.23563E-01
    924.69345    0.22954E-01
    924.74381    0.22209E-01
    924.79446    0.21348E-01
    924.84563    0.20392E-01
    924.89705    0.19359E-01
    924.94904    0.18271E-01
    925.41400    0.52421E+03
    925.46572    0.58851E+03
    925.52012    0.64513E+03
    925.57720    0.68950E+03
    925.63696    0.71702E+03
    925.69939    0.72347E+03
    925.76450    0.70545E+03
    925.83230    0.66078E+03
    925.90277    0.58883E+03
    925.97592    0.49077E+03
    926.05175    0.36960E+03
    926.13026    0.23004E+03
    926.21145    0.78261E+02
    926.33825    0.15655E+03
    926.42614    0.30684E+03
    926.51670    0.44379E+03
    926.60995    0.56136E+03
    926.70587    0.65496E+03
    926.80446    0.72179E+03
    926.90574    0.76088E+03
    927.00969    0.77306E+03
    927.11631    0.76071E+03
    927.22562    0.72740E+03
    927.33759    0.67751E+03
    927.45224    0.61574E+03
    948.25855    0.59147E-01
    948.31984    0.68960E-01
    948.38299    0.78402E-01
    948.44801    0.86771E-01
    948.51489    0.93267E-01
    948.58364    0.97041E-01
    948.65424    0.97264E-01
    949.16645    0.15473E+00
    949.17320    0.20037E+00
    949.18203    0.23721E+00
    949.19294    0.26416E+00
    949.20592    0.28077E+00
    949.22098    0.28726E+00
    949.23811    0.28446E+00
    949.25732    0.27362E+00
    949.27860    0.25632E+00
    949.30195    0.23427E+00
    949.32737    0.20922E+00
    949.50823    0.13819E+00
    949.60029    0.16322E+00
    949.69420    0.18336E+00
    949.78998    0.19784E+00
    949.88762    0.20625E+00
    949.98713    0.20859E+00
    950.08849    0.20523E+00
    950.19171    0.19684E+00
    950.29679    0.18432E+00
    975.11268    0.99376E-01
    975.15724    0.10564E+00
    975.20892    0.10811E+00
    975.26770    0.10708E+00
    975.33358    0.10303E+00
    975.40655    0.96539E-01
    975.48659    0.88266E-01
    975.57370    0.78856E-01
    975.88771    0.80241E-01
    976.02931    0.81446E-01
    976.17755    0.80412E-01
    976.33243    0.77383E-01
    976.49393    0.72695E-01
   1000.82570    0.11836E+00
   1000.85343    0.13995E+00
   1000.88770    0.15561E+00
   1000.92849    0.16509E+00
   1000.97581    0.16855E+00
   1001.02967    0.16650E+00
   1001.09005    0.15972E+00
   1001.15697    0.14917E+00
   1001.23043    0.13589E+00
   1001.31043    0.12092E+00
   1001.39811    0.10831E+00
   1001.52247    0.11671E+00
   1001.65293    0.12148E+00
   1001.78949    0.12264E+00
   1001.93216    0.12041E+00
   1002.08093    0.11521E+00
   1002.23581    0.10760E+00
